  4.13    4.72e-19
  4.51    6.69e-19
  4.86    5.27e-19
  5.28    6.69e-19
  5.77    8.01e-19
  6.36    9.00e-19
  7.08    1.16e-18
  8.00    1.44e-18
  9.18    2.03e-18
 10.80    2.82e-18
 13.10    4.16e-18
 16.50    6.76e-18
 16.80    6.96e-18
 17.00    7.12e-18
 17.20    7.29e-18
 17.50    7.46e-18
 17.70    7.72e-18
 18.00    7.92e-18
 18.20    8.06e-18
 18.50    8.32e-18
 18.80    8.44e-18
 19.10    8.67e-18
 19.40    8.90e-18
 19.70    9.11e-18
 20.00    9.39e-18
 20.30    9.63e-18
 20.70    9.82e-18
 21.00    1.01e-17
 21.40    1.03e-17
 21.80    1.06e-17
 22.10    1.09e-17
 22.50    1.14e-17
 23.00    1.17e-17
 23.40    1.20e-17
 23.80    1.24e-17
 24.30    1.28e-17
 24.80    1.33e-17
 25.30    1.36e-17
 25.80    1.42e-17
 26.40    1.47e-17
 27.00    1.51e-17
 27.60    1.55e-17
 28.20    1.60e-17
 28.80    1.64e-17
 29.50    1.67e-17
 30.20    1.70e-17
 31.00    1.72e-17
 31.80    1.73e-17
 32.60    1.74e-17
 33.50    1.76e-17
 34.40    1.78e-17
 35.40    1.81e-17
 36.50    1.83e-17
 37.60    1.87e-17
 38.80    1.92e-17
 40.00    1.95e-17
 41.30    2.01e-17
 42.80    2.04e-17
 44.30    2.08e-17
 45.90    2.13e-17
 47.70    2.21e-17
 49.60    2.31e-17
 51.70    2.40e-17
 53.90    2.48e-17
 56.40    2.52e-17
 59.00    2.47e-17
 62.00    2.57e-17
 65.30    2.41e-17
 68.90    2.33e-17
 72.90    2.53e-17
 77.50    2.33e-17
 82.70    2.02e-17
 88.60    1.01e-17
 95.40    9.22e-18
103.00    4.30e-18
113.00    1.03e-18
115.00	4.10e-19
115.02	4.93e-19
115.04	9.05e-19
115.06	1.007e-18
115.08	1.122e-18
115.10	1.424e-18
115.12	2.138e-18
115.14	3.235e-18
115.16	4.159e-18
115.18	4.091e-18
115.20	4.176e-18
115.22	1.707e-18
115.24	2.221e-18
115.26	2.331e-18
115.28	2.526e-18
115.30	3.619e-18
115.32	4.545e-18
115.34	3.470e-18
115.36	3.943e-18
115.38	3.099e-18
115.40	3.856e-18
115.42	4.335e-18
115.44	3.565e-18
115.46	2.292e-18
115.48	9.59e-19
115.50	2.81e-19
115.52	1.31e-19
115.54	1.38e-19
115.56	6.3e-20
115.58	6.4e-20
115.60	4.0e-21
115.62	1.0e-21
115.64	1.0e-21
115.66	7.2e-20
115.68	2.21e-19
115.70	2.0e-21
115.72	6.4e-20
115.74	2.0e-21
115.76	5.9e-20
115.78	2.05e-19
115.80	1.0e-21
115.82	6.4e-20
115.84	1.0e-21
115.86	5.4e-20
115.88	2.7e-20
115.90	1.7e-20
115.92	1.49e-19
115.94	7.0e-21
115.96	3.0e-21
115.98	2.2e-20
116.00	5.0e-21
116.02	1.05e-19
116.04	7.0e-21
116.06	2.0e-21
116.08	0.000
116.10	3.12e-19
116.12	2.85e-19
116.14	6.85e-19
116.16	1.068e-18
116.18	1.149e-18
116.20	3.279e-18
116.22	1.059e-18
116.24	1.547e-18
116.26	1.420e-18
116.28	1.905e-18
116.30	1.531e-18
116.32	1.926e-18
116.34	1.817e-18
116.36	1.437e-18
116.38	1.063e-18
116.40	9.83e-19
116.42	2.885e-18
116.44	1.410e-18
116.46	2.174e-18
116.48	1.280e-18
116.50	8.32e-19
116.52	3.99e-19
116.54	1.39e-19
116.56	1.43e-19
116.58	8.7e-20
116.60	1.83e-19
116.62	1.0e-21
116.64	1.34e-19
116.66	1.0e-20
116.68	9.0e-21
116.70	1.28e-19
116.72	2.0e-21
116.74	2.0e-21
116.76	9.0e-20
116.78	2.0e-21
116.80	1.0e-21
116.82	8.1e-20
116.84	1.68e-19
116.86	1.0e-21
116.88	1.56e-19
116.90	2.0e-21
116.92	1.07e-19
116.94	2.04e-19
116.96	1.0e-21
116.98	1.86e-19
117.00	4.0e-21
117.02	1.60e-19
117.04	3.36e-19
117.06	1.74e-19
117.08	5.62e-19
117.10	2.92e-19
117.12	5.31e-19
117.14	5.35e-19
117.16	5.89e-19
117.18	9.22e-19
117.20	1.063e-18
117.22	1.288e-18
117.24	1.156e-18
117.26	1.113e-18
117.28	1.423e-18
117.30	1.380e-18
117.32	1.511e-18
117.34	1.637e-18
117.36	1.676e-18
117.38	1.589e-18
117.40	1.485e-18
117.42	1.564e-18
117.44	1.263e-18
117.46	1.430e-18
117.48	1.376e-18
117.50	1.056e-18
117.52	9.71e-19
117.54	8.69e-19
117.56	9.09e-19
117.58	7.99e-19
117.60	8.13e-19
117.62	7.31e-19
117.64	5.55e-19
117.66	6.92e-19
117.68	6.04e-19
117.70	6.39e-19
117.72	5.73e-19
117.74	4.86e-19
117.76	3.94e-19
117.78	2.58e-19
117.80	3.46e-19
117.82	2.32e-19
117.84	2.82e-19
117.86	3.48e-19
117.88	6.8e-20
117.90	2.79e-19
117.92	3.45e-19
117.94	2.90e-19
117.96	3.56e-19
117.98	1.60e-19
118.00	3.67e-19
118.02	2.27e-19
118.04	1.72e-19
118.06	1.65e-19
118.08	2.16e-19
118.10	2.33e-19
118.12	2.56e-19
118.14	1.95e-19
118.16	2.44e-19
118.18	4.87e-19
118.20	1.95e-19
118.22	1.17e-19
118.24	1.37e-19
118.26	1.76e-19
118.28	6.7e-20
118.30	6.0e-20
118.32	1.20e-19
118.34	5.0e-21
118.36	1.16e-19
118.38	1.02e-19
118.40	3.03e-19
118.42	1.08e-19
118.44	2.3e-20
118.46	5.0e-21
118.48	2.0e-21
118.50	1.98e-19
118.52	8.0e-20
118.54	8.6e-20
118.56	1.57e-19
118.58	1.27e-19
118.60	1.4e-20
118.62	1.00e-19
118.64	7.8e-20
118.66	3.7e-20
118.68	7.0e-20
118.70	8.6e-20
118.72	3.4e-20
118.74	7.0e-21
118.76	5.4e-20
118.78	2.1e-20
118.80	1.02e-19
118.82	2.73e-19
118.84	1.45e-19
118.86	3.0e-21
118.88	6.1e-20
118.90	1.0e-20
118.92	6.9e-20
118.94	8.1e-20
118.96	1.16e-19
118.98	2.07e-19
119.00	1.15e-19
119.02	7.0e-20
119.04	6.7e-20
119.06	1.51e-19
119.08	2.85e-19
119.10	2.37e-19
119.12	4.03e-19
119.14	8.89e-19
119.16	5.5e-20
119.18	1.92e-19
119.20	3.1e-20
119.22	2.1e-20
119.24	4.25e-19
119.26	3.05e-19
119.28	4.81e-19
119.30	1.32e-19
119.32	4.15e-19
119.34	3.69e-19
119.36	3.35e-19
119.38	6.76e-19
119.40	1.87e-19
119.42	9.19e-19
119.44	8.96e-19
119.46	4.95e-19
119.48	5.46e-19
119.50	7.26e-19
119.52	6.54e-19
119.54	2.18e-19
119.56	8.27e-19
119.58	6.32e-19
119.60	1.161e-18
119.62	1.121e-18
119.64	1.065e-18
119.66	8.47e-19
119.68	1.177e-18
119.70	6.81e-19
119.72	1.313e-18
119.74	1.203e-18
119.76	8.09e-19
119.78	1.338e-18
119.80	8.65e-19
119.82	1.389e-18
119.84	1.428e-18
119.86	1.540e-18
119.88	1.622e-18
119.90	1.913e-18
119.92	1.937e-18
119.94	9.94e-19
119.96	1.865e-18
119.98	2.157e-18
120.00	2.224e-18
120.02	2.500e-18
120.04	2.430e-18
120.06	2.712e-18
120.08	2.997e-18
120.10	2.585e-18
120.12	2.612e-18
120.14	3.107e-18
120.16	4.086e-18
120.18	3.846e-18
120.20	3.470e-18
120.22	5.000e-18
120.24	4.617e-18
120.26	5.080e-18
120.28	5.099e-18
120.30	6.613e-18
120.32	7.628e-18
120.34	6.679e-18
120.36	9.332e-18
120.38	8.150e-18
120.40	1.002e-17
120.42	1.110e-17
120.44	1.324e-17
120.46	1.293e-17
120.48	1.515e-17
120.50	1.629e-17
120.52	1.761e-17
120.54	1.842e-17
120.56	1.805e-17
120.58	1.796e-17
120.60	1.715e-17
120.62	1.616e-17
120.64	1.374e-17
120.66	1.418e-17
120.68	1.474e-17
120.70	1.350e-17
120.72	1.283e-17
120.74	1.319e-17
120.76	1.304e-17
120.78	1.237e-17
120.80	1.229e-17
120.82	1.048e-17
120.84	9.252e-18
120.86	7.526e-18
120.88	6.454e-18
120.90	5.425e-18
120.92	3.639e-18
120.94	4.265e-18
120.96	4.301e-18
120.98	3.083e-18
121.00	2.253e-18
121.02	2.085e-18
121.04	1.998e-18
121.06	1.351e-18
121.08	1.300e-18
121.10	1.122e-18
121.12	1.721e-18
121.14	9.46e-19
121.16	8.88e-19
121.18	9.47e-19
121.20	7.53e-19
121.22	6.55e-19
121.24	4.63e-19
121.26	4.73e-19
121.28	3.42e-19
121.30	3.98e-19
121.32	3.52e-19
121.34	1.80e-19
121.36	2.86e-19
121.38	4.14e-19
121.40	3.0e-21
121.42	1.46e-19
121.44	2.5e-20
121.46	1.34e-19
121.48	4.23e-19
121.50	1.0e-20
121.52	1.14e-19
121.54	2.21e-19
121.56	2.64e-19
121.58	1.44e-19
121.60	2.49e-19
121.62	2.22e-19
121.64	3.6e-20
121.66	2.0e-21
121.68	1.57e-19
121.70	2.8e-20
121.72	2.25e-19
121.74	1.64e-19
121.76	1.31e-19
121.78	3.1e-20
121.80	3.67e-19
121.82	3.38e-19
121.84	2.7e-20
121.86	4.94e-19
121.88	9.4e-20
121.90	1.40e-19
121.92	2.19e-19
121.94	2.0e-21
121.96	7.0e-21
121.98	8.3e-20
122.00	2.1e-20
122.02	3.33e-19
122.04	3.19e-19
122.06	6.5e-20
122.08	3.41e-19
122.10	2.94e-19
122.12	2.21e-19
122.14	3.85e-19
122.16	3.75e-19
122.18	3.68e-19
122.20	5.2e-20
122.22	4.92e-19
122.24	3.66e-19
122.26	2.49e-19
122.28	3.01e-19
122.30	2.82e-19
122.32	4.5e-20
122.34	3.59e-19
122.36	1.47e-19
122.38	2.45e-19
122.40	1.31e-19
122.42	4.32e-19
122.44	3.72e-19
122.46	1.77e-19
122.48	2.04e-19
122.50	4.78e-19
122.52	7.3e-20
122.54	4.49e-19
122.56	7.9e-20
122.58	1.0e-21
122.60	3.78e-19
122.62	3.16e-19
122.64	3.93e-19
122.66	5.11e-19
122.68	5.30e-19
122.70	3.25e-19
122.72	5.54e-19
122.74	5.59e-19
122.76	5.23e-19
122.78	8.6e-20
122.80	3.48e-19
122.82	2.64e-19
122.84	5.24e-19
122.86	3.37e-19
122.88	5.46e-19
122.90	8.5e-20
122.92	2.14e-19
122.94	3.76e-19
122.96	4.87e-19
122.98	2.46e-19
123.00	3.11e-19
123.02	3.56e-19
123.04	6.47e-19
123.06	2.65e-19
123.08	4.98e-19
123.10	7.07e-19
123.12	4.64e-19
123.14	6.11e-19
123.16	5.69e-19
123.18	8.2e-20
123.20	4.67e-19
123.22	4.40e-19
123.24	4.86e-19
123.26	5.79e-19
123.28	7.74e-19
123.30	4.98e-19
123.32	8.91e-19
123.34	1.059e-18
123.36	5.92e-19
123.38	1.91e-19
123.40	4.85e-19
123.42	4.45e-19
123.44	4.70e-19
123.46	7.34e-19
123.48	8.24e-19
123.50	7.12e-19
123.52	4.98e-19
123.54	6.18e-19
123.56	6.29e-19
123.58	3.82e-19
123.60	4.80e-19
123.62	6.29e-19
123.64	5.56e-19
123.66	4.47e-19
123.68	3.31e-19
123.70	7.62e-19
123.72	3.98e-19
123.74	6.72e-19
123.76	4.27e-19
123.78	5.20e-19
123.80	5.25e-19
123.82	7.46e-19
123.84	2.31e-19
123.86	3.70e-19
123.88	2.88e-19
123.90	5.86e-19
123.92	3.61e-19
123.94	1.69e-19
123.96	4.13e-19
123.98	5.58e-19
124.00	3.49e-19
124.02	2.20e-19
124.04	3.55e-19
124.06	1.13e-19
124.08	3.44e-19
124.10	3.11e-19
124.12	6.86e-19
124.14	4.20e-19
124.16	5.27e-19
124.18	6.59e-19
124.20	8.85e-19
124.22	1.406e-18
124.24	6.661e-18
124.26	7.503e-18
124.28	9.852e-18
124.30	1.084e-17
124.32	2.507e-17
124.34	3.946e-17
124.36	5.094e-17
124.38	4.488e-17
124.40	3.284e-17
124.42	4.297e-17
124.44	5.756e-17
124.46	4.831e-17
124.48	2.622e-17
124.50	1.464e-17
124.52	1.050e-17
124.54	8.309e-18
124.56	6.010e-18
124.58	5.701e-18
124.60	3.339e-18
124.62	3.107e-18
124.64	2.680e-18
124.66	2.494e-18
124.68	2.437e-18
124.70	2.119e-18
124.72	1.894e-18
124.74	1.811e-18
124.76	1.863e-18
124.78	1.638e-18
124.80	1.843e-18
124.82	2.009e-18
124.84	1.561e-18
124.86	1.595e-18
124.88	1.863e-18
124.90	1.571e-18
124.92	1.533e-18
124.94	1.319e-18
124.96	1.680e-18
124.98	1.610e-18
125.00	1.759e-18
125.02	1.591e-18
125.04	1.529e-18
125.06	1.533e-18
125.08	1.389e-18
125.10	1.288e-18
125.12	9.66e-19
125.14	1.102e-18
125.16	1.037e-18
125.18	1.201e-18
125.20	9.59e-19
125.22	8.97e-19
125.24	9.54e-19
125.26	1.067e-18
125.28	9.27e-19
125.30	1.081e-18
125.32	7.14e-19
125.34	9.40e-19
125.36	8.44e-19
125.38	9.15e-19
125.40	8.58e-19
125.42	7.57e-19
125.44	8.55e-19
125.46	6.37e-19
125.48	9.14e-19
125.50	8.72e-19
125.52	7.46e-19
125.54	3.42e-19
125.56	6.78e-19
125.58	5.28e-19
125.60	7.75e-19
125.62	1.097e-18
125.64	5.83e-19
125.66	6.21e-19
125.68	9.22e-19
125.70	4.48e-19
125.72	7.11e-19
125.74	6.95e-19
125.76	5.92e-19
125.78	5.78e-19
125.80	6.65e-19
125.82	5.09e-19
125.84	5.06e-19
125.86	4.42e-19
125.88	3.70e-19
125.90	5.81e-19
125.92	5.87e-19
125.94	3.82e-19
125.96	3.63e-19
125.98	4.52e-19
126.00	4.48e-19
126.02	3.81e-19
126.04	4.46e-19
126.06	4.96e-19
126.08	9.9e-20
126.10	3.27e-19
126.12	4.33e-19
126.14	6.01e-19
126.16	2.57e-19
126.18	5.22e-19
126.20	5.47e-19
126.22	5.69e-19
126.24	3.99e-19
126.26	4.40e-19
126.28	2.17e-19
126.30	5.14e-19
126.32	2.96e-19
126.34	6.44e-19
126.36	1.65e-19
126.38	1.7e-20
126.40	2.14e-19
126.42	3.42e-19
126.44	1.64e-19
126.46	2.32e-19
126.48	1.0e-21
126.50	2.32e-19
126.52	2.20e-19
126.54	1.00e-19
126.56	7.7e-20
126.58	7.6e-20
126.60	9.1e-20
126.62	4.35e-19
126.64	1.10e-19
126.66	1.53e-19
126.68	3.53e-19
126.70	2.9e-20
126.72	3.67e-19
126.74	4.0e-21
126.76	7.7e-20
126.78	2.33e-19
126.80	2.75e-19
126.82	1.24e-19
126.84	1.04e-19
126.86	2.81e-19
126.88	1.83e-19
126.90	2.62e-19
126.92	3.07e-19
126.94	1.18e-19
126.96	1.64e-19
126.98	4.0e-21
127.00	1.05e-19
127.02	4.7e-20
127.04	3.4e-20
127.06	1.3e-20
127.08	5.2e-20
127.10	1.6e-20
127.12	1.06e-19
127.14	8.4e-20
127.16	7.0e-20
127.18	2.6e-20
127.20	2.16e-19
127.22	2.27e-19
127.24	9.5e-20
127.26	1.88e-19
127.28	1.92e-19
127.30	6.7e-20
127.32	2.63e-19
127.34	6.3e-20
127.36	1.65e-19
127.38	2.13e-19
127.40	7.0e-21
127.42	3.27e-19
127.44	2.43e-19
127.46	1.16e-19
127.48	5.89e-19
127.50	1.7e-20
127.52	2.30e-19
127.54	1.60e-19
127.56	2.08e-19
127.58	3.19e-19
127.60	5.75e-19
127.62	4.60e-19
127.64	6.8e-20
127.66	1.57e-19
127.68	1.92e-19
127.70	2.23e-19
127.72	1.81e-19
127.74	2.80e-19
127.76	2.49e-19
127.78	4.03e-19
127.80	2.07e-19
127.82	2.64e-19
127.84	3.79e-19
127.86	2.09e-19
127.88	2.88e-19
127.90	2.91e-19
127.92	2.71e-19
127.94	2.69e-19
127.96	4.00e-19
127.98	2.44e-19
128.00	3.65e-19
128.02	4.22e-19
128.04	3.41e-19
128.06	3.44e-19
128.08	3.33e-19
128.10	4.02e-19
128.12	4.95e-19
128.14	5.48e-19
128.16	6.06e-19
128.18	3.40e-19
128.20	4.58e-19
128.22	7.34e-19
128.24	3.51e-19
128.26	4.70e-19
128.28	2.78e-19
128.30	3.06e-19
128.32	3.37e-19
128.34	3.53e-19
128.36	4.49e-19
128.38	3.83e-19
128.40	4.20e-19
128.42	7.33e-19
128.44	4.20e-19
128.46	3.14e-19
128.48	4.51e-19
128.50	5.32e-19
128.52	3.06e-19
128.54	5.47e-19
128.56	4.82e-19
128.58	5.10e-19
128.60	7.04e-19
128.62	4.24e-19
128.64	5.62e-19
128.66	3.98e-19
128.68	5.37e-19
128.70	4.50e-19
128.72	4.66e-19
128.74	5.03e-19
128.76	4.73e-19
128.78	6.74e-19
128.80	6.79e-19
128.82	6.17e-19
128.84	5.17e-19
128.86	7.98e-19
128.88	5.23e-19
128.90	4.37e-19
128.92	4.26e-19
128.94	7.14e-19
128.96	2.82e-19
128.98	6.69e-19
129.00	5.65e-19
129.02	7.43e-19
129.04	6.27e-19
129.06	6.22e-19
129.08	4.93e-19
129.10	4.50e-19
129.12	5.45e-19
129.14	5.00e-19
129.16	6.50e-19
129.18	5.83e-19
129.20	5.24e-19
129.22	5.20e-19
129.24	6.18e-19
129.26	8.82e-19
129.28	7.82e-19
129.30	7.36e-19
129.32	6.24e-19
129.34	7.57e-19
129.36	5.89e-19
129.38	6.20e-19
129.40	6.73e-19
129.42	4.87e-19
129.44	5.73e-19
129.46	5.83e-19
129.48	5.36e-19
129.50	7.66e-19
129.52	3.95e-19
129.54	3.54e-19
129.56	5.64e-19
129.58	3.77e-19
129.60	6.69e-19
129.62	6.23e-19
129.64	4.68e-19
129.66	5.06e-19
129.68	5.97e-19
129.70	4.99e-19
129.72	5.04e-19
129.74	5.01e-19
129.76	4.52e-19
129.78	6.68e-19
129.80	7.16e-19
129.82	6.17e-19
129.84	5.52e-19
129.86	3.73e-19
129.88	6.93e-19
129.90	4.86e-19
129.92	5.58e-19
129.94	4.45e-19
129.96	4.17e-19
129.98	6.13e-19
130.00	6.15e-19
130.02	6.53e-19
130.04	4.32e-19
130.06	4.96e-19
130.08	3.90e-19
130.10	3.14e-19
130.12	3.73e-19
130.14	4.26e-19
130.16	4.73e-19
130.18	3.95e-19
130.20	5.19e-19
130.22	6.54e-19
130.24	2.87e-19
130.26	4.80e-19
130.28	3.93e-19
130.30	2.78e-19
130.32	3.68e-19
130.34	4.66e-19
130.36	3.80e-19
130.38	2.60e-19
130.40	5.72e-19
130.42	6.27e-19
130.44	5.54e-19
130.46	3.60e-19
130.48	4.15e-19
130.50	3.72e-19
130.52	6.28e-19
130.54	3.47e-19
130.56	2.78e-19
130.58	2.64e-19
130.60	3.93e-19
130.62	3.77e-19
130.64	4.22e-19
130.66	7.4e-20
130.68	2.44e-19
130.70	4.76e-19
130.72	3.04e-19
130.74	2.64e-19
130.76	3.91e-19
130.78	2.41e-19
130.80	3.24e-19
130.82	4.11e-19
130.84	3.35e-19
130.86	3.40e-19
130.88	2.97e-19
130.90	2.91e-19
130.92	3.67e-19
130.94	3.74e-19
130.96	3.82e-19
130.98	2.68e-19
131.00	1.92e-19
131.02	3.54e-19
131.04	3.21e-19
131.06	4.26e-19
131.08	4.99e-19
131.10	2.69e-19
131.12	3.16e-19
131.14	2.68e-19
131.16	3.44e-19
131.18	2.46e-19
131.20	5.36e-19
131.22	4.06e-19
131.24	5.11e-19
131.26	3.48e-19
131.28	4.91e-19
131.30	4.51e-19
131.35	4.96e-19
131.40	5.09e-19
131.45	5.91e-19
131.50	6.28e-19
131.55	6.78e-19
131.60	7.53e-19
131.65	7.69e-19
131.70	8.35e-19
131.75	8.79e-19
131.80	9.18e-19
131.85	1.001e-18
131.90	1.066e-18
131.95	1.106e-18
132.00	1.215e-18
132.05	1.244e-18
132.10	1.303e-18
132.15	1.383e-18
132.20	1.456e-18
132.25	1.523e-18
132.30	1.605e-18
132.35	1.675e-18
132.40	1.626e-18
132.45	1.784e-18
132.50	1.870e-18
132.55	1.973e-18
132.60	2.044e-18
132.65	2.019e-18
132.70	2.111e-18
132.75	2.040e-18
132.80	2.085e-18
132.85	2.179e-18
132.90	2.178e-18
132.95	2.263e-18
133.00	2.380e-18
133.05	2.450e-18
133.10	2.362e-18
133.15	2.243e-18
133.20	2.548e-18
133.25	2.505e-18
133.30	2.380e-18
133.35	2.480e-18
133.40	2.490e-18
133.45	2.303e-18
133.50	2.303e-18
133.55	2.324e-18
133.60	2.336e-18
133.65	2.413e-18
133.70	2.447e-18
133.75	2.508e-18
133.80	2.466e-18
133.85	2.411e-18
133.90	2.309e-18
133.95	2.297e-18
134.00	2.257e-18
134.05	2.351e-18
134.10	2.444e-18
134.15	2.303e-18
134.20	2.356e-18
134.25	2.473e-18
134.30	2.515e-18
134.35	2.499e-18
134.40	2.680e-18
134.45	2.730e-18
134.50	2.884e-18
134.55	3.158e-18
134.60	3.299e-18
134.65	3.476e-18
134.70	3.699e-18
134.75	4.129e-18
134.80	4.386e-18
134.85	4.779e-18
134.90	4.875e-18
134.95	5.434e-18
135.00	5.789e-18
135.05	6.168e-18
135.10	6.489e-18
135.15	6.492e-18
135.20	6.999e-18
135.25	7.062e-18
135.30	7.277e-18
135.35	7.572e-18
135.40	7.687e-18
135.45	7.664e-18
135.50	7.630e-18
135.55	7.643e-18
135.60	7.372e-18
135.65	7.539e-18
135.70	7.607e-18
135.75	7.217e-18
135.80	7.573e-18
135.85	7.542e-18
135.90	7.686e-18
135.95	7.760e-18
136.00	7.741e-18
136.05	7.987e-18
136.10	8.091e-18
136.15	8.210e-18
136.20	8.450e-18
136.25	8.725e-18
136.30	8.947e-18
136.35	9.132e-18
136.40	9.528e-18
136.45	9.827e-18
136.50	1.009e-17
136.55	1.021e-17
136.60	1.058e-17
136.65	1.072e-17
136.70	1.117e-17
136.75	1.130e-17
136.80	1.150e-17
136.85	1.176e-17
136.90	1.189e-17
136.95	1.212e-17
137.00	1.236e-17
137.05	1.246e-17
137.10	1.246e-17
137.15	1.283e-17
137.20	1.282e-17
137.25	1.319e-17
137.30	1.323e-17
137.35	1.346e-17
137.40	1.342e-17
137.45	1.330e-17
137.50	1.373e-17
137.55	1.360e-17
137.60	1.372e-17
137.65	1.380e-17
137.70	1.388e-17
137.75	1.383e-17
137.80	1.415e-17
137.85	1.398e-17
137.90	1.427e-17
137.95	1.431e-17
138.00	1.417e-17
138.05	1.424e-17
138.10	1.442e-17
138.15	1.449e-17
138.20	1.437e-17
138.25	1.455e-17
138.30	1.451e-17
138.35	1.450e-17
138.40	1.453e-17
138.45	1.473e-17
138.50	1.468e-17
138.55	1.456e-17
138.60	1.476e-17
138.65	1.453e-17
138.70	1.477e-17
138.75	1.505e-17
138.80	1.478e-17
138.85	1.478e-17
138.90	1.473e-17
138.95	1.490e-17
139.00	1.481e-17
139.05	1.501e-17
139.10	1.499e-17
139.15	1.501e-17
139.20	1.483e-17
139.25	1.525e-17
139.30	1.511e-17
139.35	1.522e-17
139.40	1.500e-17
139.45	1.493e-17
139.50	1.514e-17
139.55	1.515e-17
139.60	1.494e-17
139.65	1.500e-17
139.70	1.526e-17
139.75	1.519e-17
139.80	1.520e-17
139.85	1.514e-17
139.90	1.507e-17
139.95	1.532e-17
140.00	1.538e-17
140.05	1.516e-17
140.10	1.525e-17
140.15	1.538e-17
140.20	1.526e-17
140.25	1.549e-17
140.30	1.541e-17
140.35	1.530e-17
140.40	1.540e-17
140.45	1.521e-17
140.50	1.532e-17
140.55	1.529e-17
140.60	1.544e-17
140.65	1.521e-17
140.70	1.540e-17
140.75	1.518e-17
140.80	1.542e-17
140.85	1.534e-17
140.90	1.541e-17
140.95	1.539e-17
141.00	1.535e-17
141.05	1.535e-17
141.10	1.535e-17
141.15	1.526e-17
141.20	1.547e-17
141.25	1.551e-17
141.30	1.545e-17
141.35	1.525e-17
141.40	1.538e-17
141.45	1.534e-17
141.50	1.543e-17
141.55	1.535e-17
141.60	1.547e-17
141.65	1.547e-17
141.70	1.550e-17
141.75	1.561e-17
141.80	1.559e-17
141.85	1.562e-17
141.90	1.547e-17
141.95	1.561e-17
142.00	1.539e-17
142.05	1.533e-17
142.10	1.553e-17
142.15	1.564e-17
142.20	1.539e-17
142.25	1.570e-17
142.30	1.539e-17
142.35	1.549e-17
142.40	1.550e-17
142.45	1.567e-17
142.50	1.541e-17
142.55	1.566e-17
142.60	1.541e-17
142.65	1.552e-17
142.70	1.524e-17
142.75	1.537e-17
142.80	1.543e-17
142.85	1.548e-17
142.90	1.541e-17
142.95	1.547e-17
143.00	1.514e-17
143.05	1.537e-17
143.10	1.551e-17
143.15	1.545e-17
143.20	1.536e-17
143.25	1.546e-17
143.30	1.548e-17
143.35	1.558e-17
143.40	1.532e-17
143.45	1.516e-17
143.50	1.533e-17
143.55	1.543e-17
143.60	1.541e-17
143.65	1.513e-17
143.70	1.529e-17
143.75	1.514e-17
143.80	1.540e-17
143.85	1.535e-17
143.90	1.525e-17
143.95	1.518e-17
144.00	1.525e-17
144.05	1.528e-17
144.10	1.532e-17
144.15	1.521e-17
144.20	1.512e-17
144.25	1.524e-17
144.30	1.515e-17
144.35	1.531e-17
144.40	1.522e-17
144.45	1.525e-17
144.50	1.521e-17
144.55	1.510e-17
144.60	1.505e-17
144.65	1.522e-17
144.70	1.506e-17
144.75	1.519e-17
144.80	1.508e-17
144.85	1.493e-17
144.90	1.512e-17
144.95	1.500e-17
145.00	1.500e-17
145.05	1.502e-17
145.10	1.503e-17
145.15	1.510e-17
145.20	1.502e-17
145.25	1.495e-17
145.30	1.495e-17
145.35	1.496e-17
145.40	1.468e-17
145.45	1.472e-17
145.50	1.488e-17
145.55	1.479e-17
145.60	1.487e-17
145.65	1.479e-17
145.70	1.472e-17
145.75	1.471e-17
145.80	1.476e-17
145.85	1.481e-17
145.90	1.469e-17
145.95	1.456e-17
146.00	1.471e-17
146.05	1.477e-17
146.10	1.454e-17
146.15	1.486e-17
146.20	1.466e-17
146.25	1.460e-17
146.30	1.438e-17
146.35	1.457e-17
146.40	1.442e-17
146.45	1.454e-17
146.50	1.449e-17
146.55	1.434e-17
146.60	1.448e-17
146.65	1.425e-17
146.70	1.425e-17
146.75	1.416e-17
146.80	1.435e-17
146.85	1.433e-17
146.90	1.422e-17
146.95	1.433e-17
147.00	1.430e-17
147.05	1.415e-17
147.10	1.419e-17
147.15	1.403e-17
147.20	1.406e-17
147.25	1.395e-17
147.30	1.408e-17
147.35	1.407e-17
147.40	1.411e-17
147.45	1.402e-17
147.50	1.396e-17
147.55	1.378e-17
147.60	1.389e-17
147.65	1.391e-17
147.70	1.379e-17
147.75	1.385e-17
147.80	1.389e-17
147.85	1.401e-17
147.90	1.365e-17
147.95	1.344e-17
148.00	1.362e-17
148.05	1.351e-17
148.10	1.355e-17
148.15	1.361e-17
148.20	1.357e-17
148.25	1.343e-17
148.30	1.343e-17
148.35	1.345e-17
148.40	1.356e-17
148.45	1.335e-17
148.50	1.340e-17
148.55	1.326e-17
148.60	1.330e-17
148.65	1.334e-17
148.70	1.328e-17
148.75	1.316e-17
148.80	1.322e-17
148.85	1.308e-17
148.90	1.323e-17
148.95	1.299e-17
149.00	1.312e-17
149.05	1.309e-17
149.10	1.304e-17
149.15	1.291e-17
149.20	1.303e-17
149.25	1.299e-17
149.30	1.287e-17
149.35	1.287e-17
149.40	1.282e-17
149.45	1.271e-17
149.50	1.278e-17
149.55	1.287e-17
149.60	1.271e-17
149.65	1.265e-17
149.70	1.261e-17
149.75	1.258e-17
149.80	1.249e-17
149.85	1.254e-17
149.90	1.255e-17
149.95	1.259e-17
150.00	1.239e-17
150.05	1.233e-17
150.10	1.230e-17
150.15	1.231e-17
150.20	1.239e-17
150.25	1.211e-17
150.30	1.224e-17
150.35	1.218e-17
150.40	1.202e-17
150.45	1.215e-17
150.50	1.196e-17
150.55	1.208e-17
150.60	1.192e-17
150.65	1.185e-17
150.70	1.200e-17
150.75	1.172e-17
150.80	1.175e-17
150.85	1.183e-17
150.90	1.175e-17
150.95	1.164e-17
151.00	1.170e-17
151.05	1.181e-17
151.10	1.161e-17
151.15	1.158e-17
151.20	1.145e-17
151.25	1.144e-17
151.30	1.138e-17
151.35	1.135e-17
151.40	1.134e-17
151.45	1.134e-17
151.50	1.131e-17
151.55	1.120e-17
151.60	1.116e-17
151.65	1.127e-17
151.70	1.111e-17
151.75	1.112e-17
151.80	1.095e-17
151.85	1.110e-17
151.90	1.107e-17
151.95	1.086e-17
152.00	1.089e-17
152.05	1.093e-17
152.10	1.085e-17
152.15	1.077e-17
152.20	1.075e-17
152.25	1.071e-17
152.30	1.068e-17
152.35	1.062e-17
152.40	1.059e-17
152.45	1.056e-17
152.50	1.050e-17
152.55	1.055e-17
152.60	1.048e-17
152.65	1.039e-17
152.70	1.041e-17
152.75	1.038e-17
152.80	1.036e-17
152.85	1.029e-17
152.90	1.024e-17
152.95	1.013e-17
153.00	1.015e-17
153.05	1.010e-17
153.10	1.014e-17
153.15	9.990e-18
153.20	1.003e-17
153.25	1.007e-17
153.30	9.861e-18
153.35	9.936e-18
153.40	9.779e-18
153.45	9.775e-18
153.50	9.870e-18
153.55	9.795e-18
153.60	9.726e-18
153.65	9.659e-18
153.70	9.688e-18
153.75	9.489e-18
153.80	9.577e-18
153.85	9.517e-18
153.90	9.505e-18
153.95	9.473e-18
154.00	9.351e-18
154.05	9.421e-18
154.10	9.338e-18
154.15	9.239e-18
154.20	9.164e-18
154.25	9.210e-18
154.30	9.222e-18
154.35	9.175e-18
154.40	9.113e-18
154.45	9.067e-18
154.50	9.079e-18
154.55	8.985e-18
154.60	8.915e-18
154.65	8.886e-18
154.70	8.941e-18
154.75	8.898e-18
154.80	8.759e-18
154.85	8.714e-18
154.90	8.605e-18
154.95	8.581e-18
155.00	8.526e-18
155.05	8.576e-18
155.10	8.508e-18
155.15	8.467e-18
155.20	8.485e-18
155.25	8.432e-18
155.30	8.392e-18
155.35	8.297e-18
155.40	8.308e-18
155.45	8.202e-18
155.50	8.174e-18
155.55	8.109e-18
155.60	8.194e-18
155.65	8.001e-18
155.70	8.128e-18
155.75	8.100e-18
155.80	8.070e-18
155.85	8.002e-18
155.90	7.947e-18
155.95	7.833e-18
156.00	7.922e-18
156.05	7.881e-18
156.10	7.707e-18
156.15	7.736e-18
156.20	7.682e-18
156.25	7.682e-18
156.30	7.556e-18
156.35	7.713e-18
156.40	7.521e-18
156.45	7.463e-18
156.50	7.501e-18
156.55	7.478e-18
156.60	7.417e-18
156.65	7.479e-18
156.70	7.377e-18
156.75	7.279e-18
156.80	7.188e-18
156.85	7.239e-18
156.90	7.166e-18
156.95	7.171e-18
157.00	7.174e-18
157.05	7.028e-18
157.10	6.975e-18
157.15	7.027e-18
157.20	6.982e-18
157.25	6.899e-18
157.30	6.868e-18
157.35	6.766e-18
157.40	6.830e-18
157.45	6.864e-18
157.50	6.789e-18
157.55	6.708e-18
157.60	6.707e-18
157.65	6.810e-18
157.70	6.505e-18
157.75	6.586e-18
157.80	6.453e-18
157.85	6.448e-18
157.90	6.491e-18
157.95	6.503e-18
158.00	6.430e-18
158.05	6.363e-18
158.10	6.337e-18
158.15	6.320e-18
158.20	6.156e-18
158.25	6.296e-18
158.30	6.142e-18
158.35	6.131e-18
158.40	6.156e-18
158.45	6.135e-18
158.50	6.090e-18
158.55	6.080e-18
158.60	5.933e-18
158.65	6.053e-18
158.70	5.889e-18
158.75	6.024e-18
158.80	5.836e-18
158.85	5.839e-18
158.90	5.802e-18
158.95	5.726e-18
159.00	5.745e-18
159.05	5.750e-18
159.10	5.576e-18
159.15	5.720e-18
159.20	5.645e-18
159.25	5.542e-18
159.30	5.586e-18
159.35	5.531e-18
159.40	5.504e-18
159.45	5.431e-18
159.50	5.381e-18
159.55	5.378e-18
159.60	5.380e-18
159.65	5.409e-18
159.70	5.262e-18
159.75	5.211e-18
159.80	5.230e-18
159.85	5.234e-18
159.90	5.242e-18
159.95	5.245e-18
160.00	5.147e-18
160.05	5.128e-18
160.10	5.095e-18
160.15	4.883e-18
160.20	5.039e-18
160.25	4.828e-18
160.30	5.018e-18
160.35	4.883e-18
160.40	4.935e-18
160.45	4.828e-18
160.50	4.793e-18
160.55	4.729e-18
160.60	4.822e-18
160.65	4.773e-18
160.70	4.665e-18
160.75	4.650e-18
160.80	4.710e-18
160.85	4.614e-18
160.90	4.559e-18
160.95	4.554e-18
161.00	4.433e-18
161.05	4.485e-18
161.10	4.476e-18
161.15	4.482e-18
161.20	4.392e-18
161.25	4.406e-18
161.30	4.321e-18
161.35	4.351e-18
161.40	4.296e-18
161.45	4.240e-18
161.50	4.320e-18
161.55	4.231e-18
161.60	4.235e-18
161.65	4.258e-18
161.70	4.101e-18
161.75	4.162e-18
161.80	4.091e-18
161.85	4.017e-18
161.90	3.998e-18
161.95	4.099e-18
162.00	3.984e-18
162.05	3.908e-18
162.10	3.921e-18
162.15	3.912e-18
162.20	3.903e-18
162.25	3.847e-18
162.30	3.873e-18
162.35	3.827e-18
162.40	3.778e-18
162.45	3.779e-18
162.50	3.727e-18
162.55	3.697e-18
162.60	3.689e-18
162.65	3.698e-18
162.70	3.687e-18
162.75	3.619e-18
162.80	3.588e-18
162.85	3.623e-18
162.90	3.492e-18
162.95	3.517e-18
163.00	3.517e-18
163.05	3.384e-18
163.10	3.484e-18
163.15	3.434e-18
163.20	3.456e-18
163.25	3.471e-18
163.30	3.440e-18
163.35	3.275e-18
163.40	3.274e-18
163.45	3.330e-18
163.50	3.286e-18
163.55	3.281e-18
163.60	3.220e-18
163.65	3.179e-18
163.70	3.177e-18
163.75	3.278e-18
163.80	3.205e-18
163.85	3.123e-18
163.90	3.133e-18
163.95	3.164e-18
164.00	3.073e-18
164.05	3.157e-18
164.10	2.998e-18
164.15	3.001e-18
164.20	2.957e-18
164.25	3.006e-18
164.30	2.948e-18
164.35	2.979e-18
164.40	2.927e-18
164.45	2.905e-18
164.50	2.894e-18
164.55	2.967e-18
164.60	2.852e-18
164.65	2.836e-18
164.70	2.818e-18
164.75	2.779e-18
164.80	2.737e-18
164.85	2.763e-18
164.90	2.724e-18
164.95	2.749e-18
165.00	2.680e-18
165.05	2.688e-18
165.10	2.692e-18
165.15	2.612e-18
165.20	2.528e-18
165.25	2.595e-18
165.30	2.554e-18
165.35	2.605e-18
165.40	2.503e-18
165.45	2.570e-18
165.50	2.512e-18
165.55	2.470e-18
165.60	2.482e-18
165.65	2.474e-18
165.70	2.465e-18
165.75	2.411e-18
165.80	2.452e-18
165.85	2.395e-18
165.90	2.370e-18
165.95	2.291e-18
166.00	2.290e-18
166.05	2.363e-18
166.10	2.370e-18
166.15	2.213e-18
166.20	2.312e-18
166.25	2.270e-18
166.30	2.190e-18
166.35	2.250e-18
166.40	2.131e-18
166.45	2.208e-18
166.50	2.214e-18
166.55	2.190e-18
166.60	2.108e-18
166.65	2.065e-18
166.70	2.160e-18
166.75	2.105e-18
166.80	2.081e-18
166.85	2.074e-18
166.90	1.994e-18
166.95	2.085e-18
167.00	2.104e-18
167.05	1.987e-18
167.10	1.988e-18
167.15	1.947e-18
167.20	1.863e-18
167.25	2.032e-18
167.30	1.904e-18
167.35	1.956e-18
167.40	1.839e-18
167.45	1.910e-18
167.50	1.789e-18
167.55	1.844e-18
167.60	1.899e-18
167.65	1.801e-18
167.70	1.776e-18
167.75	1.723e-18
167.80	1.755e-18
167.85	1.777e-18
167.90	1.818e-18
167.95	1.799e-18
168.00	1.642e-18
168.05	1.793e-18
168.10	1.703e-18
168.15	1.659e-18
168.20	1.613e-18
168.25	1.703e-18
168.30	1.657e-18
168.35	1.594e-18
168.40	1.574e-18
168.45	1.638e-18
168.50	1.634e-18
168.55	1.539e-18
168.60	1.644e-18
168.65	1.552e-18
168.70	1.534e-18
168.75	1.550e-18
168.80	1.508e-18
168.85	1.532e-18
168.90	1.568e-18
168.95	1.593e-18
169.00	1.535e-18
169.05	1.458e-18
169.10	1.495e-18
169.15	1.400e-18
169.20	1.442e-18
169.25	1.426e-18
169.30	1.384e-18
169.35	1.396e-18
169.40	1.417e-18
169.45	1.373e-18
169.50	1.367e-18
169.55	1.272e-18
169.60	1.268e-18
169.65	1.335e-18
169.70	1.300e-18
169.75	1.412e-18
169.80	1.274e-18
169.85	1.251e-18
169.90	1.245e-18
169.95	1.272e-18
170.00	1.304e-18
170.05	1.213e-18
170.10	1.141e-18
170.15	1.348e-18
170.20	1.191e-18
170.25	1.182e-18
170.30	1.179e-18
170.35	1.155e-18
170.40	1.118e-18
170.45	1.164e-18
170.50	1.109e-18
170.55	1.236e-18
170.60	1.149e-18
170.65	1.120e-18
170.70	1.100e-18
170.75	1.050e-18
170.80	1.079e-18
170.85	1.124e-18
170.90	1.129e-18
170.95	1.099e-18
171.00	1.067e-18
171.05	1.134e-18
171.10	1.043e-18
171.15	1.109e-18
171.20	1.065e-18
171.25	1.083e-18
171.30	1.047e-18
171.35	1.052e-18
171.40	1.010e-18
171.45	1.010e-18
171.50	1.009e-18
171.55	9.63e-19
171.60	1.015e-18
171.65	1.006e-18
171.70	9.58e-19
171.75	1.044e-18
171.80	8.98e-19
171.85	9.48e-19
171.90	8.54e-19
171.95	9.59e-19
172.00	8.54e-19
172.05	8.71e-19
172.10	9.28e-19
172.15	9.23e-19
172.20	8.51e-19
172.25	9.45e-19
172.30	8.26e-19
172.35	9.20e-19
172.40	8.68e-19
172.45	8.53e-19
172.50	8.92e-19
172.55	7.91e-19
172.60	7.84e-19
172.65	8.95e-19
172.70	7.99e-19
172.75	7.83e-19
172.80	8.35e-19
172.85	7.75e-19
172.90	7.79e-19
172.95	7.64e-19
173.00	8.05e-19
173.02	7.87e-19
173.04	7.86e-19
173.06	7.82e-19
173.08	7.69e-19
173.10	7.80e-19
173.12	7.90e-19
173.14	7.63e-19
173.16	7.53e-19
173.18	7.70e-19
173.20	7.68e-19
173.22	7.54e-19
173.24	7.55e-19
173.26	7.55e-19
173.28	7.53e-19
173.30	7.42e-19
173.32	7.40e-19
173.34	7.28e-19
173.36	7.21e-19
173.38	7.28e-19
173.40	7.22e-19
173.42	7.17e-19
173.44	7.32e-19
173.46	7.08e-19
173.48	7.19e-19
173.50	7.07e-19
173.52	6.98e-19
173.54	6.98e-19
173.56	6.84e-19
173.58	7.00e-19
173.60	6.89e-19
173.62	6.88e-19
173.64	6.76e-19
173.66	6.80e-19
173.68	6.69e-19
173.70	6.83e-19
173.72	6.70e-19
173.74	6.66e-19
173.76	6.70e-19
173.78	6.67e-19
173.80	6.59e-19
173.82	6.54e-19
173.84	6.57e-19
173.86	6.51e-19
173.88	6.51e-19
173.90	6.50e-19
173.92	6.31e-19
173.94	6.28e-19
173.96	6.29e-19
173.98	6.28e-19
174.00	6.13e-19
174.02	6.25e-19
174.04	6.20e-19
174.06	6.17e-19
174.08	6.17e-19
174.10	6.19e-19
174.12	6.20e-19
174.14	6.02e-19
174.16	5.92e-19
174.18	6.10e-19
174.20	6.05e-19
174.22	5.93e-19
174.24	5.95e-19
174.26	5.85e-19
174.28	5.86e-19
174.30	5.83e-19
174.32	5.65e-19
174.34	5.83e-19
174.36	5.69e-19
174.38	5.59e-19
174.40	5.60e-19
174.42	5.69e-19
174.44	5.55e-19
174.46	5.48e-19
174.48	5.52e-19
174.50	5.52e-19
174.52	5.47e-19
174.54	5.52e-19
174.56	5.46e-19
174.58	5.40e-19
174.60	5.43e-19
174.62	5.27e-19
174.64	5.26e-19
174.66	5.40e-19
174.68	5.25e-19
174.70	5.15e-19
174.72	5.12e-19
174.74	5.08e-19
174.76	5.18e-19
174.78	5.18e-19
174.80	5.13e-19
174.82	5.07e-19
174.84	5.00e-19
174.86	5.02e-19
174.88	4.99e-19
174.90	4.94e-19
174.92	4.96e-19
174.94	4.89e-19
174.96	4.90e-19
174.98	4.96e-19
175.00	4.85e-19
175.02	4.77e-19
175.04	4.77e-19
175.06	4.63e-19
175.08	4.72e-19
175.10	4.81e-19
175.12	4.43e-19
175.14	4.93e-19
175.16	4.20e-19
175.18	4.16e-19
175.20	4.88e-19
175.22	4.54e-19
175.24	4.33e-19
175.26	3.72e-19
175.28	4.05e-19
175.30	4.67e-19
175.32	3.64e-19
175.34	3.76e-19
175.36	4.00e-19
175.38	4.18e-19
175.40	4.71e-19
175.42	3.24e-19
175.44	4.10e-19
175.46	3.42e-19
175.48	2.76e-19
175.50	2.95e-19
175.52	3.69e-19
175.54	3.70e-19
175.56	3.10e-19
175.58	3.31e-19
175.60	3.25e-19
175.62	4.45e-19
175.64	3.00e-19
175.66	3.67e-19
175.68	4.20e-19
175.70	4.34e-19
175.72	2.50e-19
175.74	2.43e-19
175.76	2.70e-19
175.78	2.34e-19
175.80	3.44e-19
175.82	2.84e-19
175.84	2.41e-19
175.86	2.75e-19
175.88	3.06e-19
175.90	3.28e-19
175.92	4.33e-19
175.94	3.07e-19
175.96	2.78e-19
175.98	2.62e-19
176.00	2.61e-19
176.02	3.21e-19
176.04	2.97e-19
176.06	2.10e-19
176.08	3.34e-19
176.10	3.28e-19
176.12	2.02e-19
176.14	1.40e-19
176.16	1.15e-19
176.18	2.85e-19
176.20	2.54e-19
176.22	2.71e-19
176.24	1.65e-19
176.26	1.94e-19
176.28	1.14e-19
176.30	1.56e-19
176.32	3.83e-19
176.34	3.65e-19
176.36	3.84e-19
176.38	2.62e-19
176.40	4.15e-19
176.42	2.92e-19
176.44	2.45e-19
176.46	1.99e-19
176.48	3.67e-19
176.50	2.38e-19
176.52	2.99e-19
176.54	1.59e-19
176.56	1.32e-19
176.58	3.43e-19
176.60	1.79e-19
176.62	1.47e-19
176.64	2.08e-19
176.66	8.1e-20
176.68	1.47e-19
176.70	1.48e-19
176.72	2.81e-19
176.74	1.71e-19
176.76	1.40e-19
176.78	2.09e-19
176.80	7.8e-20
176.82	7.3e-20
176.84	2.14e-19
176.86	2.75e-19
176.88	3.60e-19
176.90	2.89e-19
176.92	3.40e-19
176.94	3.42e-19
176.96	2.93e-19
176.98	1.48e-19
177.00	2.78e-19
177.02	1.34e-19
177.04	2.79e-19
177.06	1.74e-19
177.08	1.12e-19
177.10	2.58e-19
177.12	7.3e-20
177.14	2.22e-19
177.16	2.18e-19
177.18	5.9e-20
177.20	7.7e-20
177.22	2.48e-19
177.24	1.34e-19
177.26	1.11e-19
177.28	2.78e-19
177.30	1.75e-19
177.32	3.9e-20
177.34	4.3e-20
177.36	1.37e-19
177.38	2.06e-19
177.40	4.5e-20
177.42	3.5e-20
177.44	1.06e-19
177.46	1.35e-19
177.48	5.5e-20
177.50	1.84e-19
177.52	2.89e-19
177.54	1.92e-19
177.56	2.14e-19
177.58	2.66e-19
177.60	1.40e-19
177.62	1.22e-19
177.64	3.22e-19
177.66	1.10e-19
177.68	6.9e-20
177.70	1.77e-19
177.72	3.4e-20
177.74	2.03e-19
177.76	1.57e-19
177.78	1.06e-19
177.80	2.39e-19
177.82	6.9e-20
177.84	6.5e-20
177.86	2.46e-19
177.88	9.7e-20
177.90	4.1e-20
177.92	6.7e-20
177.94	1.97e-19
177.96	3.6e-20
177.98	4.4e-20
178.00	8.6e-20
178.02	1.15e-19
178.04	1.9e-20
178.06	1.5e-20
178.08	6.5e-20
178.10	2.03e-19
178.12	3.8e-20
178.14	1.4e-20
178.16	2.1e-20
178.18	1.52e-19
178.20	4.0e-20
178.22	2.0e-20
178.24	3.3e-20
178.26	5.8e-20
178.28	1.56e-19
178.30	6.7e-20
178.32	1.75e-19
178.34	1.61e-19
178.36	2.31e-19
178.38	3.79e-19
178.40	5.0e-20
178.42	1.73e-19
178.44	1.37e-19
178.46	6.5e-20
178.48	1.40e-19
178.50	2.42e-19
178.52	4.9e-20
178.54	2.69e-19
178.56	3.7e-20
178.58	4.1e-20
178.60	2.55e-19
178.62	3.5e-20
178.64	4.6e-20
178.66	2.20e-19
178.68	3.0e-20
178.70	3.3e-20
178.72	1.16e-19
178.74	1.23e-19
178.76	1.8e-20
178.78	5.1e-20
178.80	1.91e-19
178.82	1.5e-20
178.84	4.9e-20
178.86	6.9e-20
178.88	1.63e-19
178.90	2.3e-20
178.92	8.0e-21
178.94	3.1e-20
178.96	2.02e-19
178.98	7.1e-20
179.00	2.0e-21
179.02	1.3e-20
179.04	2.7e-20
179.06	1.77e-19
179.08	2.5e-20
179.10	2.0e-21
179.12	4.3e-20
179.14	1.14e-19
179.16	5.0e-20
179.18	1.0e-20
179.20	1.8e-20
179.22	1.5e-20
179.24	4.2e-20
179.26	2.22e-19
179.28	2.51e-19
179.30	1.72e-19
179.32	2.63e-19
179.34	2.71e-19
179.36	1.65e-19
179.38	2.57e-19
179.40	3.51e-19
179.42	3.8e-20
179.44	6.6e-20
179.46	2.74e-19
179.48	1.58e-19
179.50	1.51e-19
179.52	1.0e-20
179.54	4.5e-20
179.56	3.34e-19
179.58	7.8e-20
179.60	3.48e-19
179.62	2.8e-20
179.64	8.0e-21
179.66	3.6e-20
179.68	2.21e-19
179.70	4.3e-20
179.72	6.5e-20
179.74	3.17e-19
179.76	3.1e-20
179.78	2.0e-20
179.80	2.0e-20
179.82	7.3e-20
179.84	1.71e-19
179.86	4.0e-20
179.88	5.3e-20
179.90	1.59e-19
179.92	1.8e-20
179.94	7.0e-21
179.96	1.0e-20
179.98	3.7e-20
180.00	1.43e-19
180.4   4.71e-20
181.7   3.23e-20
183.1   1.98e-20
184.7   1.15e-20
187.4   6.21e-21
188.2   2.98e-21
190.3   1.31e-21
192.4   4.71e-22
194.7   1.57e-22
197.2   4.72e-23
199.8   1.79e-23
202.6   1.26e-23
205	7.35e-24
206	7.13e-24
207	7.05e-24
208	6.86e-24
209	6.68e-24
210	6.51e-24
211	6.24e-24
212	6.05e-24
213	5.89e-24
214	5.72e-24
215	5.59e-24
216	5.35e-24
217	5.13e-24
218	4.88e-24
219	4.64e-24
220	4.46e-24
221	4.26e-24
222	4.09e-24
223	3.89e-24
224	3.67e-24
225	3.45e-24
226	3.21e-24
227	2.98e-24
228	2.77e-24
229	2.63e-24
230	2.43e-24
231	2.25e-24
232	2.10e-24
233	1.94e-24
234	1.78e-24
235	1.63e-24
236	1.48e-24
237	1.34e-24
238	1.22e-24
239	1.10e-24
240	1.01e-24
241	8.8e-25
242	8.1e-25
243	3.9e-25
244	1.3e-25
245	5.0e-26